2.221044519366572045e-01 5.520167217229049461e-01
5.544678755403074089e-01 6.610189159590533770e-01
6.173460199599184461e-01 8.520363636060612755e-02
2.434920804637865921e-01 3.947124991801955751e-01
1.473939382234316087e-01 8.736217424928029995e-01
3.062568623070694995e-01 7.839991095352745187e-01
2.700696166197444903e-01 3.459400070274353672e-02
6.738017381287206842e-01 5.930962368104190086e-01
5.803388591233117344e-01 4.510769050561275750e-01
4.611970768805324083e-01 6.435233592898065291e-01
9.670946608738839601e-01 9.188599950612981182e-01
9.705555326206921629e-01 4.640577066702891162e-01
6.395738311781791197e-01 1.234274335825787938e-01
9.958828521559929259e-01 3.323131735185714808e-01
1.153262167973174990e-01 3.172196611774970032e-01
6.228792721653630959e-02 3.527780704261767042e-01
